1.02500000e+00 4.51653027e+07
1.07500000e+00 4.74126031e+07
1.12500000e+00 4.98028747e+07
1.17500000e+00 5.23187103e+07
1.22500000e+00 5.49706956e+07
1.27500000e+00 5.77417721e+07
1.32500000e+00 6.06304072e+07
1.37500000e+00 6.36363471e+07
1.42500000e+00 6.67405429e+07
1.47500000e+00 6.99579021e+07
1.52500000e+00 7.32767590e+07
1.57500000e+00 7.66971072e+07
1.62500000e+00 8.01924981e+07
1.67500000e+00 8.38217233e+07
1.72500000e+00 8.75111253e+07
1.77500000e+00 9.12882849e+07
1.82500000e+00 5.11400333e+07
1.87500000e+00 2.80887195e+07
1.92500000e+00 1.99834397e+07
1.97500000e+00 1.97138827e+07
2.02500000e+00 2.03005382e+07
2.07500000e+00 2.10385579e+07
2.12500000e+00 2.18359501e+07
2.17500000e+00 2.26788795e+07
2.22500000e+00 2.35568606e+07
2.27500000e+00 2.30826231e+07
2.32500000e+00 2.14694468e+07
2.37500000e+00 2.22148528e+07
2.42500000e+00 2.29616696e+07
2.47500000e+00 2.37243869e+07
2.52500000e+00 2.45149523e+07
2.57500000e+00 2.45945015e+07
2.62500000e+00 2.44153650e+07
2.67500000e+00 2.51736660e+07
2.72500000e+00 2.59447520e+07
2.77500000e+00 2.67352829e+07
2.82500000e+00 2.67736106e+07
2.87500000e+00 2.69335759e+07
2.92500000e+00 2.77042535e+07
2.97500000e+00 2.84936674e+07
3.02500000e+00 2.93035330e+07
3.07500000e+00 3.01341769e+07
3.12500000e+00 3.09778960e+07
3.17500000e+00 3.18343045e+07
3.22500000e+00 3.27034763e+07
3.27500000e+00 3.35946461e+07
3.32500000e+00 3.45033064e+07
3.37500000e+00 3.54239911e+07
3.42500000e+00 3.63562396e+07
3.47500000e+00 3.72998378e+07
3.52500000e+00 3.82614580e+07
3.57500000e+00 3.92412177e+07
3.62500000e+00 4.02315488e+07
3.67500000e+00 4.12320705e+07
3.72500000e+00 4.22427101e+07
3.77500000e+00 4.32704178e+07
3.82500000e+00 4.43118026e+07
3.87500000e+00 4.53619122e+07
3.92500000e+00 4.64204185e+07
3.97500000e+00 4.74869573e+07
4.02500000e+00 4.85687365e+07
4.07500000e+00 4.96636423e+07
4.12500000e+00 5.07627257e+07
4.17500000e+00 5.18651917e+07
4.22500000e+00 5.29704309e+07
4.27500000e+00 5.40775337e+07
4.32500000e+00 5.51858353e+07
4.37500000e+00 5.62948315e+07
4.42500000e+00 5.74037157e+07
4.47500000e+00 5.85116856e+07
4.52500000e+00 5.96266417e+07
4.57500000e+00 6.07490632e+07
4.62500000e+00 6.18688919e+07
4.67500000e+00 6.29854838e+07
4.72500000e+00 6.40979473e+07
4.77500000e+00 6.52056466e+07
4.82500000e+00 6.63079173e+07
4.87500000e+00 6.74041266e+07
4.92500000e+00 6.84934528e+07
4.97500000e+00 6.95749147e+07
5.02500000e+00 7.06542738e+07
5.07500000e+00 7.17356259e+07
5.12500000e+00 7.28112897e+07
5.17500000e+00 7.38807698e+07
5.22500000e+00 7.49435912e+07
5.27500000e+00 7.59992566e+07
5.32500000e+00 7.70473162e+07
5.37500000e+00 7.80877567e+07
5.42500000e+00 7.91196905e+07
5.47500000e+00 8.01425683e+07
5.52500000e+00 8.11601111e+07
5.57500000e+00 8.21739974e+07
5.62500000e+00 8.31777204e+07
5.67500000e+00 8.41708951e+07
5.72500000e+00 8.51532241e+07
5.77500000e+00 8.61243125e+07
5.82500000e+00 8.70838879e+07
5.87500000e+00 8.80322003e+07
5.92500000e+00 8.89682553e+07
5.97500000e+00 8.98919207e+07
6.02500000e+00 9.08074789e+07
6.07500000e+00 9.17168807e+07
6.12500000e+00 9.26130583e+07
6.17500000e+00 9.34957289e+07
6.22500000e+00 9.43646066e+07
6.27500000e+00 9.52195974e+07
6.32500000e+00 9.60607944e+07
6.37500000e+00 9.68881476e+07
6.42500000e+00 9.77012335e+07
6.47500000e+00 9.84997574e+07
6.52500000e+00 9.92819746e+07
6.57500000e+00 1.00050274e+08
6.62500000e+00 1.00803776e+08
6.67500000e+00 1.01542189e+08
6.72500000e+00 1.02265535e+08
6.77500000e+00 1.02973832e+08
6.82500000e+00 1.03667648e+08
6.87500000e+00 1.04346670e+08
6.92500000e+00 1.05010398e+08
6.97500000e+00 1.05658548e+08
7.02500000e+00 1.06295998e+08
7.07500000e+00 1.06924675e+08
7.12500000e+00 1.07537899e+08
7.17500000e+00 1.08135434e+08
7.22500000e+00 1.08717704e+08
7.27500000e+00 1.09284883e+08
7.32500000e+00 1.09837426e+08
7.37500000e+00 7.72852637e+08
7.42500000e+00 1.10896412e+08
7.47500000e+00 1.11402688e+08
7.52500000e+00 1.11892932e+08
7.57500000e+00 1.12369009e+08
7.62500000e+00 1.18826114e+08
7.67500000e+00 1.13276542e+08
7.72500000e+00 1.13708445e+08
7.77500000e+00 1.14126070e+08
7.82500000e+00 1.14529750e+08
7.87500000e+00 1.14919030e+08
7.92500000e+00 1.21073526e+08
7.97500000e+00 1.15654305e+08
8.02500000e+00 1.16004878e+08
8.07500000e+00 1.16347334e+08
8.12500000e+00 1.16676029e+08
8.17500000e+00 1.16991182e+08
8.22500000e+00 1.17292980e+08
8.27500000e+00 1.17581962e+08
8.32500000e+00 1.48579903e+09
8.37500000e+00 1.23226033e+10
8.42500000e+00 1.18370967e+08
8.47500000e+00 1.18608167e+08
8.52500000e+00 1.18832329e+08
8.57500000e+00 1.19044673e+08
8.62500000e+00 1.19244704e+08
8.67500000e+00 1.19432764e+08
8.72500000e+00 2.76472478e+08
8.77500000e+00 1.19774306e+08
8.82500000e+00 1.19928003e+08
8.87500000e+00 1.20070343e+08
8.92500000e+00 1.20201593e+08
8.97500000e+00 1.20321610e+08
9.02500000e+00 1.20440070e+08
9.07500000e+00 1.20557515e+08
9.12500000e+00 1.20664228e+08
9.17500000e+00 1.20760216e+08
9.22500000e+00 1.20845914e+08
9.27500000e+00 1.26241996e+08
9.32500000e+00 1.20987000e+08
9.37500000e+00 1.21042451e+08
9.42500000e+00 1.21088434e+08
9.47500000e+00 1.21124321e+08
9.52500000e+00 5.18586170e+08
9.57500000e+00 1.21166922e+08
9.62500000e+00 3.02939978e+08
9.67500000e+00 6.44400528e+09
9.72500000e+00 1.22943662e+08
9.77500000e+00 1.22915084e+08
9.82500000e+00 6.36179352e+08
9.87500000e+00 1.21086403e+08
9.92500000e+00 4.20646104e+08
9.97500000e+00 2.81175659e+09
1.00250000e+01 1.20941505e+08
1.00750000e+01 1.20887689e+08
1.01250000e+01 1.60144230e+08
1.01750000e+01 2.11099741e+08
1.02250000e+01 8.29302737e+07
1.02750000e+01 7.96985596e+07
1.03250000e+01 6.89068225e+07
1.03750000e+01 6.91223693e+07
1.04250000e+01 6.93360622e+07
1.04750000e+01 6.95499450e+07
1.05250000e+01 6.97588453e+07
1.05750000e+01 6.99632357e+07
1.06250000e+01 7.01825147e+07
1.06750000e+01 7.04128175e+07
1.07250000e+01 7.06380551e+07
1.07750000e+01 7.08581324e+07
1.08250000e+01 7.10730750e+07
1.08750000e+01 7.12829334e+07
1.09250000e+01 7.14878263e+07
1.09750000e+01 1.01639079e+08
1.10250000e+01 7.18860298e+07
1.10750000e+01 7.20845911e+07
1.11250000e+01 7.22780233e+07
1.11750000e+01 7.35140668e+07
1.12250000e+01 7.26496415e+07
1.12750000e+01 7.28279554e+07
1.13250000e+01 9.44561585e+08
1.13750000e+01 7.31695319e+07
1.14250000e+01 7.33329598e+07
1.14750000e+01 7.96908021e+07
1.15250000e+01 7.49913441e+07
1.15750000e+01 1.41028189e+08
1.16250000e+01 5.91177811e+07
1.16750000e+01 1.42509395e+08
1.17250000e+01 5.94559763e+07
1.17750000e+01 5.96142241e+07
1.18250000e+01 6.25426466e+07
1.18750000e+01 5.99520830e+07
1.19250000e+01 6.01134892e+07
1.19750000e+01 6.02713047e+07
1.20250000e+01 8.39154928e+07
1.20750000e+01 6.06505712e+07
1.21250000e+01 5.49272690e+07
1.21750000e+01 5.45588362e+07
1.22250000e+01 5.47073239e+07
1.22750000e+01 5.48402158e+07
1.23250000e+01 5.49746351e+07
1.23750000e+01 5.51105810e+07
1.24250000e+01 5.52438749e+07
1.24750000e+01 5.53742693e+07
1.25250000e+01 5.55042981e+07
1.25750000e+01 5.56340168e+07
1.26250000e+01 5.57609243e+07
1.26750000e+01 5.58850474e+07
1.27250000e+01 5.60063598e+07
1.27750000e+01 5.61248690e+07
1.28250000e+01 5.62406080e+07
1.28750000e+01 5.63535376e+07
1.29250000e+01 5.64637655e+07
1.29750000e+01 5.65712285e+07
1.30250000e+01 5.66758645e+07
1.30750000e+01 5.67777630e+07
1.31250000e+01 5.68769386e+07
1.31750000e+01 5.69734060e+07
1.32250000e+01 5.70672491e+07
1.32750000e+01 5.71584460e+07
1.33250000e+01 5.72469869e+07
1.33750000e+01 5.73328957e+07
1.34250000e+01 5.74162314e+07
1.34750000e+01 5.74970005e+07
1.35250000e+01 5.75751163e+07
1.35750000e+01 5.76506296e+07
1.36250000e+01 5.77235602e+07
1.36750000e+01 5.77939739e+07
1.37250000e+01 5.78618452e+07
1.37750000e+01 5.79272191e+07
1.38250000e+01 5.79900715e+07
1.38750000e+01 5.80504528e+07
1.39250000e+01 5.81084335e+07
1.39750000e+01 5.81640991e+07
1.40250000e+01 5.82192373e+07
1.40750000e+01 5.82739339e+07
1.41250000e+01 5.83261397e+07
1.41750000e+01 5.83759212e+07
1.42250000e+01 5.84233098e+07
1.42750000e+01 5.84683198e+07
1.43250000e+01 5.85109922e+07
1.43750000e+01 5.85513844e+07
1.44250000e+01 5.85895622e+07
1.44750000e+01 5.86257143e+07
1.45250000e+01 5.86593997e+07
1.45750000e+01 5.86906802e+07
1.46250000e+01 5.87196867e+07
1.46750000e+01 5.87465346e+07
1.47250000e+01 5.87711869e+07
1.47750000e+01 5.87936497e+07
1.48250000e+01 5.88139634e+07
1.48750000e+01 5.88322250e+07
1.49250000e+01 5.88484625e+07
1.49750000e+01 5.88628644e+07
1.50250000e+01 5.88762623e+07
1.50750000e+01 5.88887490e+07
1.51250000e+01 5.88991766e+07
1.51750000e+01 5.89075767e+07
1.52250000e+01 5.89139468e+07
1.52750000e+01 5.89183228e+07
1.53250000e+01 5.89208214e+07
1.53750000e+01 5.89214580e+07
1.54250000e+01 5.89202442e+07
1.54750000e+01 5.89174253e+07
1.55250000e+01 5.89124208e+07
1.55750000e+01 5.89053515e+07
1.56250000e+01 5.88964530e+07
1.56750000e+01 5.88857445e+07
1.57250000e+01 5.88731942e+07
1.57750000e+01 5.88589432e+07
1.58250000e+01 5.88429708e+07
1.58750000e+01 5.88252762e+07
1.59250000e+01 5.88058891e+07
1.59750000e+01 5.87851335e+07
1.60250000e+01 5.87623930e+07
1.60750000e+01 5.87378093e+07
1.61250000e+01 5.87115687e+07
1.61750000e+01 5.86837219e+07
1.62250000e+01 5.86542997e+07
1.62750000e+01 5.86233812e+07
1.63250000e+01 5.85909071e+07
1.63750000e+01 5.85569227e+07
1.64250000e+01 5.85214724e+07
1.64750000e+01 5.84848558e+07
1.65250000e+01 5.84464054e+07
1.65750000e+01 5.84063464e+07
1.66250000e+01 5.83648728e+07
1.66750000e+01 5.83219415e+07
1.67250000e+01 5.82775895e+07
1.67750000e+01 5.82318209e+07
1.68250000e+01 5.81847468e+07
1.68750000e+01 5.81364073e+07
1.69250000e+01 5.80868417e+07
1.69750000e+01 5.80362396e+07
1.70250000e+01 5.79838981e+07
1.70750000e+01 5.79301661e+07
1.71250000e+01 5.78751937e+07
1.71750000e+01 5.78190023e+07
1.72250000e+01 5.77615980e+07
1.72750000e+01 5.77030395e+07
1.73250000e+01 5.76432907e+07
1.73750000e+01 5.75825071e+07
1.74250000e+01 5.75206695e+07
1.74750000e+01 5.74579856e+07
1.75250000e+01 5.73945094e+07
1.75750000e+01 5.73305667e+07
1.76250000e+01 5.72655271e+07
1.76750000e+01 5.71994154e+07
1.77250000e+01 5.71322013e+07
1.77750000e+01 5.70639192e+07
1.78250000e+01 5.69946064e+07
1.78750000e+01 5.69243346e+07
1.79250000e+01 5.68532560e+07
1.79750000e+01 5.67813504e+07
1.80250000e+01 5.67081014e+07
1.80750000e+01 5.66337773e+07
1.81250000e+01 5.65584519e+07
1.81750000e+01 5.64821805e+07
1.82250000e+01 5.64050140e+07
1.82750000e+01 5.63269852e+07
1.83250000e+01 5.62481238e+07
1.83750000e+01 5.61684386e+07
1.84250000e+01 5.60880710e+07
1.84750000e+01 5.60070753e+07
1.85250000e+01 5.59248704e+07
1.85750000e+01 5.58416785e+07
1.86250000e+01 5.57576799e+07
1.86750000e+01 5.56728766e+07
1.87250000e+01 5.55873193e+07
1.87750000e+01 5.55010279e+07
1.88250000e+01 5.54140222e+07
1.88750000e+01 5.53263322e+07
1.89250000e+01 5.52381346e+07
1.89750000e+01 5.51493923e+07
1.90250000e+01 5.50595903e+07
1.90750000e+01 5.49689066e+07
1.91250000e+01 5.48775047e+07
1.91750000e+01 5.47854715e+07
1.92250000e+01 5.46928242e+07
1.92750000e+01 5.45996009e+07
1.93250000e+01 5.45058065e+07
1.93750000e+01 5.44114293e+07
1.94250000e+01 5.43166191e+07
1.94750000e+01 5.42213513e+07
1.95250000e+01 5.41251020e+07
1.95750000e+01 5.40282225e+07
1.96250000e+01 5.39308155e+07
1.96750000e+01 5.38328532e+07
1.97250000e+01 5.37343126e+07
1.97750000e+01 5.36352257e+07
1.98250000e+01 5.35357463e+07
1.98750000e+01 5.34358889e+07
1.99250000e+01 5.33356837e+07
1.99750000e+01 5.32351224e+07
2.00250000e+01 5.31340066e+07
2.00750000e+01 5.30325856e+07
2.01250000e+01 5.29307701e+07
2.01750000e+01 5.28285272e+07
2.02250000e+01 5.27258385e+07
2.02750000e+01 5.26227494e+07
2.03250000e+01 5.25193406e+07
2.03750000e+01 5.24155556e+07
2.04250000e+01 5.23116192e+07
2.04750000e+01 5.22074593e+07
2.05250000e+01 5.21025562e+07
2.05750000e+01 5.19971098e+07
2.06250000e+01 5.18912715e+07
2.06750000e+01 5.17851396e+07
2.07250000e+01 5.16787014e+07
2.07750000e+01 5.15719742e+07
2.08250000e+01 5.14650145e+07
2.08750000e+01 5.13577331e+07
2.09250000e+01 5.12503831e+07
2.09750000e+01 5.11428801e+07
2.10250000e+01 5.10346934e+07
2.10750000e+01 5.09261013e+07
2.11250000e+01 5.08171992e+07
2.11750000e+01 5.07080637e+07
2.12250000e+01 5.05987398e+07
2.12750000e+01 5.04891737e+07
2.13250000e+01 5.03794884e+07
2.13750000e+01 5.02694749e+07
2.14250000e+01 5.01595384e+07
2.14750000e+01 5.00495113e+07
2.15250000e+01 4.99388717e+07
2.15750000e+01 4.98278562e+07
2.16250000e+01 4.97166740e+07
2.16750000e+01 4.96053320e+07
2.17250000e+01 4.94938050e+07
2.17750000e+01 4.93821697e+07
2.18250000e+01 4.92704906e+07
2.18750000e+01 4.91584523e+07
2.19250000e+01 4.90466455e+07
2.19750000e+01 4.89347593e+07
2.20250000e+01 4.88224552e+07
2.20750000e+01 4.87100692e+07
2.21250000e+01 4.85975691e+07
2.21750000e+01 4.84849361e+07
2.22250000e+01 4.83721683e+07
2.22750000e+01 4.82592879e+07
2.23250000e+01 4.81464217e+07
2.23750000e+01 4.80332327e+07
2.24250000e+01 4.79203536e+07
2.24750000e+01 4.78074352e+07
2.25250000e+01 4.76940061e+07
2.25750000e+01 4.75804695e+07
2.26250000e+01 4.74668531e+07
2.26750000e+01 4.73531296e+07
2.27250000e+01 4.72393083e+07
2.27750000e+01 4.71254463e+07
2.28250000e+01 4.70115700e+07
2.28750000e+01 4.68976199e+07
2.29250000e+01 4.67840688e+07
2.29750000e+01 4.66704778e+07
2.30250000e+01 4.65563948e+07
2.30750000e+01 4.64421198e+07
2.31250000e+01 4.63278951e+07
2.31750000e+01 4.62136835e+07
2.32250000e+01 4.60994112e+07
2.32750000e+01 4.59851226e+07
2.33250000e+01 4.58706933e+07
2.33750000e+01 4.57561749e+07
2.34250000e+01 4.56422884e+07
2.34750000e+01 4.55284176e+07
2.35250000e+01 4.54140558e+07
2.35750000e+01 4.52995505e+07
2.36250000e+01 4.51850242e+07
2.36750000e+01 4.50705029e+07
2.37250000e+01 4.49560260e+07
2.37750000e+01 4.48416210e+07
2.38250000e+01 4.47271534e+07
2.38750000e+01 4.46126850e+07
2.39250000e+01 4.44987606e+07
2.39750000e+01 4.43848244e+07
2.40250000e+01 4.42704735e+07
2.40750000e+01 4.41561101e+07
2.41250000e+01 4.40417863e+07
2.41750000e+01 4.39274773e+07
2.42250000e+01 4.38132131e+07
2.42750000e+01 4.36989661e+07
2.43250000e+01 4.35847901e+07
2.43750000e+01 4.34706778e+07
2.44250000e+01 4.33572185e+07
2.44750000e+01 4.32437050e+07
2.45250000e+01 4.31298171e+07
2.45750000e+01 4.30158791e+07
2.46250000e+01 4.29020125e+07
2.46750000e+01 4.27882344e+07
2.47250000e+01 4.26745174e+07
2.47750000e+01 4.25608235e+07
2.48250000e+01 4.24472401e+07
2.48750000e+01 4.23336934e+07
2.49250000e+01 4.22208393e+07
2.49750000e+01 4.21079483e+07
2.50250000e+01 4.19947415e+07
2.50750000e+01 4.18817018e+07
2.51250000e+01 4.17687472e+07
2.51750000e+01 4.16558353e+07
2.52250000e+01 4.15429927e+07
2.52750000e+01 4.14301983e+07
2.53250000e+01 4.13175308e+07
2.53750000e+01 4.12050012e+07
2.54250000e+01 4.10931392e+07
2.54750000e+01 4.09812354e+07
2.55250000e+01 4.08689616e+07
2.55750000e+01 4.07567281e+07
2.56250000e+01 4.06446317e+07
2.56750000e+01 4.05326270e+07
2.57250000e+01 4.04207022e+07
2.57750000e+01 4.03088586e+07
2.58250000e+01 4.01971683e+07
2.58750000e+01 4.00856794e+07
2.59250000e+01 3.99748197e+07
2.59750000e+01 3.98639752e+07
2.60250000e+01 3.97527734e+07
2.60750000e+01 3.96416254e+07
2.61250000e+01 3.95306141e+07
2.61750000e+01 3.94197450e+07
2.62250000e+01 3.93088499e+07
2.62750000e+01 3.91980897e+07
2.63250000e+01 3.90874241e+07
2.63750000e+01 3.89770187e+07
2.64250000e+01 3.88672821e+07
2.64750000e+01 3.87575839e+07
2.65250000e+01 3.86474891e+07
2.65750000e+01 3.85374562e+07
2.66250000e+01 3.84275335e+07
2.66750000e+01 3.83177082e+07
2.67250000e+01 3.82079212e+07
2.67750000e+01 3.80983993e+07
2.68250000e+01 3.79890314e+07
2.68750000e+01 3.78799164e+07
2.69250000e+01 3.77713767e+07
2.69750000e+01 3.76628607e+07
2.70250000e+01 3.75540585e+07
2.70750000e+01 3.74453480e+07
2.71250000e+01 3.73367237e+07
2.71750000e+01 3.72281699e+07
2.72250000e+01 3.71196403e+07
2.72750000e+01 3.70114192e+07
2.73250000e+01 3.69033659e+07
2.73750000e+01 3.67956427e+07
2.74250000e+01 3.66884273e+07
2.74750000e+01 3.65812406e+07
2.75250000e+01 3.64736962e+07
2.75750000e+01 3.63662355e+07
2.76250000e+01 3.62589240e+07
2.76750000e+01 3.61517610e+07
2.77250000e+01 3.60446802e+07
2.77750000e+01 3.59378420e+07
2.78250000e+01 3.58311143e+07
2.78750000e+01 3.57247102e+07
2.79250000e+01 3.56188634e+07
2.79750000e+01 3.55131106e+07
2.80250000e+01 3.54070113e+07
2.80750000e+01 3.53010047e+07
2.81250000e+01 3.51951605e+07
2.81750000e+01 3.50892652e+07
2.82250000e+01 3.49835516e+07
2.82750000e+01 3.48781152e+07
2.83250000e+01 3.47728565e+07
2.83750000e+01 3.46679710e+07
2.84250000e+01 3.45635885e+07
2.84750000e+01 3.44592482e+07
2.85250000e+01 3.43545589e+07
2.85750000e+01 3.42499764e+07
2.86250000e+01 3.41455339e+07
2.86750000e+01 3.40411281e+07
2.87250000e+01 3.39369249e+07
2.87750000e+01 3.38329609e+07
2.88250000e+01 3.37291702e+07
2.88750000e+01 3.36258155e+07
2.89250000e+01 3.35228931e+07
2.89750000e+01 3.34200826e+07
2.90250000e+01 3.33168698e+07
2.90750000e+01 3.32137919e+07
2.91250000e+01 3.31107998e+07
2.91750000e+01 3.30078993e+07
2.92250000e+01 3.29052137e+07
2.92750000e+01 3.28027683e+07
2.93250000e+01 3.27004722e+07
2.93750000e+01 3.25986492e+07
2.94250000e+01 3.24972668e+07
2.94750000e+01 3.23959360e+07
2.95250000e+01 3.22942180e+07
2.95750000e+01 3.21926479e+07
2.96250000e+01 3.20911500e+07
2.96750000e+01 3.19897338e+07
2.97250000e+01 3.18885774e+07
2.97750000e+01 3.17876909e+07
2.98250000e+01 3.16869707e+07
2.98750000e+01 3.15867183e+07
2.99250000e+01 3.14868760e+07
2.99750000e+01 3.13870753e+07
3.00250000e+01 3.12869120e+07
3.00750000e+01 3.11869044e+07
3.01250000e+01 3.10869280e+07
3.01750000e+01 3.09871381e+07
3.02250000e+01 3.08876580e+07
3.02750000e+01 3.07884288e+07
3.03250000e+01 3.06893529e+07
3.03750000e+01 3.05907746e+07
3.04250000e+01 3.04924906e+07
3.04750000e+01 3.03942664e+07
3.05250000e+01 3.02957013e+07
3.05750000e+01 3.01972588e+07
3.06250000e+01 3.00989383e+07
3.06750000e+01 3.00008142e+07
3.07250000e+01 2.99029465e+07
3.07750000e+01 2.98052448e+07
3.08250000e+01 2.97076727e+07
3.08750000e+01 2.96106140e+07
3.09250000e+01 2.95138662e+07
3.09750000e+01 2.94171858e+07
3.10250000e+01 2.93201691e+07
3.10750000e+01 2.92232779e+07
3.11250000e+01 2.91265241e+07
3.11750000e+01 2.90299078e+07
3.12250000e+01 2.89335936e+07
3.12750000e+01 2.88374796e+07
3.13250000e+01 2.87415180e+07
3.13750000e+01 2.86460704e+07
3.14250000e+01 2.85508844e+07
3.14750000e+01 2.84558028e+07
3.15250000e+01 2.83604308e+07
3.15750000e+01 2.82651271e+07
3.16250000e+01 2.81699912e+07
3.16750000e+01 2.80750235e+07
3.17250000e+01 2.79803425e+07
3.17750000e+01 2.78858259e+07
3.18250000e+01 2.77914598e+07
3.18750000e+01 2.76976282e+07
3.19250000e+01 2.76040836e+07
3.19750000e+01 2.75106354e+07
3.20250000e+01 2.74168520e+07
3.20750000e+01 2.73231424e+07
3.21250000e+01 2.72295939e+07
3.21750000e+01 2.71362065e+07
3.22250000e+01 2.70431548e+07
3.22750000e+01 2.69502439e+07
3.23250000e+01 2.68574720e+07
3.23750000e+01 2.67652599e+07
3.24250000e+01 2.66732658e+07
3.24750000e+01 2.65813677e+07
3.25250000e+01 2.64891001e+07
3.25750000e+01 2.63969707e+07
3.26250000e+01 2.63050092e+07
3.26750000e+01 2.62132004e+07
3.27250000e+01 2.61216656e+07
3.27750000e+01 2.60303221e+07
3.28250000e+01 2.59390867e+07
3.28750000e+01 2.58484299e+07
3.29250000e+01 2.57579674e+07
3.29750000e+01 2.56675990e+07
3.30250000e+01 2.55768146e+07
3.30750000e+01 2.54861852e+07
3.31250000e+01 2.53957178e+07
3.31750000e+01 2.53054650e+07
3.32250000e+01 2.52155021e+07
3.32750000e+01 2.51256811e+07
3.33250000e+01 2.50360112e+07
3.33750000e+01 2.49469327e+07
3.34250000e+01 2.48579886e+07
3.34750000e+01 2.47691104e+07
3.35250000e+01 2.46798534e+07
3.35750000e+01 2.45907651e+07
3.36250000e+01 2.45018957e+07
3.36750000e+01 2.44132345e+07
3.37250000e+01 2.43248080e+07
3.37750000e+01 2.42364882e+07
3.38250000e+01 2.41483100e+07
3.38750000e+01 2.40607116e+07
3.39250000e+01 2.39732209e+07
3.39750000e+01 2.38857681e+07
3.40250000e+01 2.37980215e+07
3.40750000e+01 2.37104725e+07
3.41250000e+01 2.36230713e+07
3.41750000e+01 2.35358691e+07
3.42250000e+01 2.34488787e+07
3.42750000e+01 2.33620113e+07
3.43250000e+01 2.32752910e+07
3.43750000e+01 2.31891742e+07
3.44250000e+01 2.31031424e+07
3.44750000e+01 2.30171583e+07
3.45250000e+01 2.29308804e+07
3.45750000e+01 2.28447728e+07
3.46250000e+01 2.27588144e+07
3.46750000e+01 2.26731023e+07
3.47250000e+01 2.25875843e+07
3.47750000e+01 2.25021981e+07
3.48250000e+01 2.24169505e+07
3.48750000e+01 2.23323322e+07
3.49250000e+01 2.22477906e+07
3.49750000e+01 2.21632373e+07
3.50250000e+01 2.20784375e+07
3.50750000e+01 2.19938134e+07
3.51250000e+01 2.19093380e+07
3.51750000e+01 2.18250700e+07
3.52250000e+01 2.17409638e+07
3.52750000e+01 2.16569886e+07
3.53250000e+01 2.15732114e+07
3.53750000e+01 2.14899800e+07
3.54250000e+01 2.14067509e+07
3.54750000e+01 2.13235373e+07
3.55250000e+01 2.12400596e+07
3.55750000e+01 2.11567644e+07
3.56250000e+01 2.10736347e+07
3.56750000e+01 2.09907243e+07
3.57250000e+01 2.09080097e+07
3.57750000e+01 2.08254491e+07
3.58250000e+01 2.07430662e+07
3.58750000e+01 2.06612014e+07
3.59250000e+01 2.05793207e+07
3.59750000e+01 2.04975040e+07
3.60250000e+01 2.04154698e+07
3.60750000e+01 2.03336234e+07
3.61250000e+01 2.02518813e+07
3.61750000e+01 2.01704004e+07
3.62250000e+01 2.00890600e+07
3.62750000e+01 2.00078325e+07
3.63250000e+01 1.99267871e+07
3.63750000e+01 1.98462074e+07
3.64250000e+01 1.97656005e+07
3.64750000e+01 1.96850986e+07
3.65250000e+01 1.96043545e+07
3.65750000e+01 1.95237876e+07
3.66250000e+01 1.94433367e+07
3.66750000e+01 1.93631344e+07
3.67250000e+01 1.92830620e+07
3.67750000e+01 1.92031204e+07
3.68250000e+01 1.91234088e+07
3.68750000e+01 1.90441113e+07
3.69250000e+01 1.89648061e+07
3.69750000e+01 1.88856041e+07
3.70250000e+01 1.88061960e+07
3.70750000e+01 1.87269129e+07
3.71250000e+01 1.86477268e+07
3.71750000e+01 1.85688205e+07
3.72250000e+01 1.84900245e+07
3.72750000e+01 1.84113392e+07
3.73250000e+01 1.83328634e+07
3.73750000e+01 1.82547303e+07
3.74250000e+01 1.81766291e+07
3.74750000e+01 1.80986256e+07
3.75250000e+01 1.80203786e+07
3.75750000e+01 1.79422577e+07
3.76250000e+01 1.78642807e+07
3.76750000e+01 1.77865478e+07
3.77250000e+01 1.77089181e+07
3.77750000e+01 1.76313917e+07
3.78250000e+01 1.75541112e+07
3.78750000e+01 1.74771620e+07
3.79250000e+01 1.74002431e+07
3.79750000e+01 1.73234057e+07
3.80250000e+01 1.72463156e+07
3.80750000e+01 1.71693633e+07
3.81250000e+01 1.70925491e+07
3.81750000e+01 1.70159450e+07
3.82250000e+01 1.69394365e+07
3.82750000e+01 1.68630597e+07
3.83250000e+01 1.67869414e+07
3.83750000e+01 1.67110724e+07
3.84250000e+01 1.66352508e+07
3.84750000e+01 1.65595221e+07
3.85250000e+01 1.64835094e+07
3.85750000e+01 1.64076298e+07
3.86250000e+01 1.63318883e+07
3.86750000e+01 1.62563289e+07
3.87250000e+01 1.61809085e+07
3.87750000e+01 1.61055859e+07
3.88250000e+01 1.60304771e+07
3.88750000e+01 1.59556224e+07
3.89250000e+01 1.58807912e+07
3.89750000e+01 1.58060128e+07
3.90250000e+01 1.57309627e+07
3.90750000e+01 1.56560463e+07
3.91250000e+01 1.55813030e+07
3.91750000e+01 1.55067646e+07
3.92250000e+01 1.54323407e+07
3.92750000e+01 1.53580155e+07
3.93250000e+01 1.52838722e+07
3.93750000e+01 1.52099712e+07
3.94250000e+01 1.51360947e+07
3.94750000e+01 1.50622602e+07
3.95250000e+01 1.49881768e+07
3.95750000e+01 1.49142688e+07
3.96250000e+01 1.48405595e+07
3.96750000e+01 1.47670370e+07
3.97250000e+01 1.46935975e+07
3.97750000e+01 1.46202299e+07
3.98250000e+01 1.45470455e+07
3.98750000e+01 1.44740946e+07
3.99250000e+01 1.44011545e+07
3.99750000e+01 1.43282966e+07
4.00250000e+01 1.42552248e+07
4.00750000e+01 1.41823105e+07
4.01250000e+01 1.41095703e+07
4.01750000e+01 1.40369557e+07
4.02250000e+01 1.39644206e+07
4.02750000e+01 1.38919235e+07
4.03250000e+01 1.38196615e+07
4.03750000e+01 1.37476174e+07
4.04250000e+01 1.36756040e+07
4.04750000e+01 1.36036714e+07
4.05250000e+01 1.35314811e+07
4.05750000e+01 1.34594252e+07
4.06250000e+01 1.33875052e+07
4.06750000e+01 1.33156788e+07
4.07250000e+01 1.32439254e+07
4.07750000e+01 1.31721517e+07
4.08250000e+01 1.31006880e+07
4.08750000e+01 1.30294214e+07
4.09250000e+01 1.29581439e+07
4.09750000e+01 1.28869600e+07
4.10250000e+01 1.28154836e+07
4.10750000e+01 1.27441301e+07
4.11250000e+01 1.26729065e+07
4.11750000e+01 1.26017733e+07
4.12250000e+01 1.25307249e+07
4.12750000e+01 1.24596466e+07
4.13250000e+01 1.23889429e+07
4.13750000e+01 1.23183931e+07
4.14250000e+01 1.22478674e+07
4.14750000e+01 1.21774504e+07
4.15250000e+01 1.21067037e+07
4.15750000e+01 1.20360830e+07
4.16250000e+01 1.19655763e+07
4.16750000e+01 1.18951856e+07
4.17250000e+01 1.18248435e+07
4.17750000e+01 1.17544682e+07
4.18250000e+01 1.16844963e+07
4.18750000e+01 1.16146910e+07
4.19250000e+01 1.15449076e+07
4.19750000e+01 1.14752238e+07
4.20250000e+01 1.14051841e+07
4.20750000e+01 1.13352629e+07
4.21250000e+01 1.12654789e+07
4.21750000e+01 1.11957629e+07
4.22250000e+01 1.11260113e+07
4.22750000e+01 1.10562576e+07
4.23250000e+01 1.09869482e+07
4.23750000e+01 1.09177833e+07
4.24250000e+01 1.08486068e+07
4.24750000e+01 1.07795274e+07
4.25250000e+01 1.07100700e+07
4.25750000e+01 1.06407581e+07
4.26250000e+01 1.05715162e+07
4.26750000e+01 1.05023386e+07
4.27250000e+01 1.04330682e+07
4.27750000e+01 1.03638558e+07
4.28250000e+01 1.02951458e+07
4.28750000e+01 1.02265360e+07
4.29250000e+01 1.01579122e+07
4.29750000e+01 1.00893959e+07
4.30250000e+01 1.00204657e+07
4.30750000e+01 9.95166818e+06
4.31250000e+01 9.88290691e+06
4.31750000e+01 9.81416847e+06
4.32250000e+01 9.74536351e+06
4.32750000e+01 9.67662177e+06
4.33250000e+01 9.60841454e+06
4.33750000e+01 9.54027475e+06
4.34250000e+01 9.47211303e+06
4.34750000e+01 9.40406412e+06
4.35250000e+01 9.33558902e+06
4.35750000e+01 9.26721811e+06
4.36250000e+01 9.19886572e+06
4.36750000e+01 9.13049311e+06
4.37250000e+01 9.06209195e+06
4.37750000e+01 8.99373847e+06
4.38250000e+01 8.92596468e+06
4.38750000e+01 8.85822318e+06
4.39250000e+01 8.79045201e+06
4.39750000e+01 8.72282189e+06
4.40250000e+01 8.65471129e+06
4.40750000e+01 8.58668539e+06
4.41250000e+01 8.51868191e+06
4.41750000e+01 8.45058036e+06
4.42250000e+01 8.38246644e+06
4.42750000e+01 8.31439847e+06
4.43250000e+01 8.24695234e+06
4.43750000e+01 8.17949448e+06
4.44250000e+01 8.11200925e+06
4.44750000e+01 8.04465939e+06
4.45250000e+01 7.97677899e+06
4.45750000e+01 7.90897704e+06
4.46250000e+01 7.84115390e+06
4.46750000e+01 7.77315133e+06
4.47250000e+01 7.70516825e+06
4.47750000e+01 7.63721268e+06
4.48250000e+01 7.56991760e+06
4.48750000e+01 7.50256494e+06
4.49250000e+01 7.43517325e+06
4.49750000e+01 7.36789393e+06
4.50250000e+01 7.30005072e+06
4.50750000e+01 7.23224880e+06
4.51250000e+01 7.16431758e+06
4.51750000e+01 7.09624651e+06
4.52250000e+01 7.02819029e+06
4.52750000e+01 6.96018503e+06
4.53250000e+01 6.89281844e+06
4.53750000e+01 6.82540832e+06
4.54250000e+01 6.75791659e+06
4.54750000e+01 6.69053796e+06
4.55250000e+01 6.62252958e+06
4.55750000e+01 6.55450280e+06
4.56250000e+01 6.48624248e+06
4.56750000e+01 6.41789284e+06
4.57250000e+01 6.34953530e+06
4.57750000e+01 6.28124504e+06
4.58250000e+01 6.21359252e+06
4.58750000e+01 6.14584158e+06
4.59250000e+01 6.07798264e+06
4.59750000e+01 6.01022833e+06
4.60250000e+01 5.94178459e+06
4.60750000e+01 5.87327639e+06
4.61250000e+01 5.80442779e+06
4.61750000e+01 5.73554832e+06
4.62250000e+01 5.66663923e+06
4.62750000e+01 5.59783496e+06
4.63250000e+01 5.52961959e+06
4.63750000e+01 5.46126956e+06
4.64250000e+01 5.39278640e+06
4.64750000e+01 5.32440235e+06
4.65250000e+01 5.25527005e+06
4.65750000e+01 5.18594128e+06
4.66250000e+01 5.11634332e+06
4.66750000e+01 5.04669776e+06
4.67250000e+01 4.97700656e+06
4.67750000e+01 4.90743522e+06
4.68250000e+01 4.83840773e+06
4.68750000e+01 4.76922633e+06
4.69250000e+01 4.69989323e+06
4.69750000e+01 4.63066200e+06
4.70250000e+01 4.56063359e+06
4.70750000e+01 4.49026382e+06
4.71250000e+01 4.41970041e+06
4.71750000e+01 4.34906502e+06
4.72250000e+01 4.27836131e+06
4.72750000e+01 4.20780774e+06
4.73250000e+01 4.13776246e+06
4.73750000e+01 4.06753986e+06
4.74250000e+01 3.99714385e+06
4.74750000e+01 3.92685202e+06
4.75250000e+01 3.85569693e+06
4.75750000e+01 3.78410934e+06
4.76250000e+01 3.71238241e+06
4.76750000e+01 3.64055479e+06
4.77250000e+01 3.56863388e+06
4.77750000e+01 3.49689805e+06
4.78250000e+01 3.42563387e+06
4.78750000e+01 3.35417228e+06
4.79250000e+01 3.28252083e+06
4.79750000e+01 3.21098481e+06
4.80250000e+01 3.13849934e+06
4.80750000e+01 3.06563622e+06
4.81250000e+01 2.99261326e+06
4.81750000e+01 2.91944741e+06
4.82250000e+01 2.84615547e+06
4.82750000e+01 2.77308632e+06
4.83250000e+01 2.70045171e+06
4.83750000e+01 2.62760834e+06
4.84250000e+01 2.55457293e+06
4.84750000e+01 2.48168533e+06
4.85250000e+01 2.40791057e+06
4.85750000e+01 2.33399935e+06
4.86250000e+01 2.25978450e+06
4.86750000e+01 2.18531006e+06
4.87250000e+01 2.11061971e+06
4.87750000e+01 2.03615553e+06
4.88250000e+01 1.96206238e+06
4.88750000e+01 1.88774340e+06
4.89250000e+01 1.81324139e+06
4.89750000e+01 1.73894921e+06
4.90250000e+01 1.66448085e+06
4.90750000e+01 1.59018795e+06
4.91250000e+01 1.51501886e+06
4.91750000e+01 1.43910707e+06
4.92250000e+01 1.36258507e+06
4.92750000e+01 1.28606249e+06
4.93250000e+01 1.20966840e+06
4.93750000e+01 1.13290743e+06
4.94250000e+01 1.05590856e+06
4.94750000e+01 9.79184804e+05
4.95250000e+01 9.01859192e+05
4.95750000e+01 8.22104278e+05
4.96250000e+01 7.38447833e+05
4.96750000e+01 6.51023554e+05
4.97250000e+01 5.59964162e+05
4.97750000e+01 4.65644548e+05
4.98250000e+01 3.68032863e+05
4.98750000e+01 2.66962148e+05
4.99250000e+01 1.62561959e+05
4.99750000e+01 5.49887457e+04
